ResultsBayes  =

    0.9279    0.6645    0.7744
    0.4982    0.9032    0.6422
    0.9590    0.7919    0.8675
    0.6601    0.8613    0.7474
    0.9472    0.8677    0.9057
    0.8067    0.8548    0.8301
    0.9601    0.8935    0.9256


ResultsSEM =

    0.9279    0.6645    0.7744
    0.8228    0.9887    0.8982
    0.9590    0.7919    0.8675
    0.8717    0.9645    0.9158
    0.9472    0.8677    0.9057
    0.9085    0.8806    0.8943
    0.9601    0.8935    0.9256


ResultsRocSVM =

    0.9279    0.6645    0.7744
    0.9337    0.7274    0.8178
    0.9590    0.7919    0.8675
    0.9580    0.8468    0.8990
    0.9472    0.8677    0.9057
    0.9441    0.8984    0.9207
    0.9601    0.8935    0.9256


entitySetExpansionQuality =

    0.6636    1.0000    0.7978
    0.6626    0.9985    0.7965
    0.9747    0.0596    0.1123
    0.5946    1.0000    0.7457
    0.5933    0.9979    0.7442
    0.9742    0.2744    0.4282
    0.2839    1.0000    0.4422
    0.2839    1.0000    0.4422
    0.8798    0.7909    0.8330